global alpha;
x0=[  1.0763696111E+00   0.0000000000E+00  -5.3818480556E-01   3.1768832778E-01  -5.3818480556E-01  -3.1768832778E-01   0.0000000000E+00  -4.5639585653E-01  -1.1597466471E+00   2.2819792827E-01   1.1597466471E+00   2.2819792827E-01 ];
alpha=1.0025843346;
orbita;
