global alpha;
x0=[  1.0763797799E+00   0.0000000000E+00  -5.3818988995E-01   2.8152772059E-01  -5.3818988995E-01  -2.8152772059E-01    7.4598354463E-32  -4.3857165298E-01  -1.2576105960E+00   2.1928582649E-01   1.2576105960E+00   2.1928582649E-01   ];
alpha=1.0101864584;
orbita;
