global alpha;
x0=[   1.0708810550E+00   0.0000000000E+00  -5.3544052748E-01   2.0990597313E-01  -5.3544052748E-01  -2.0990597313E-01 -2.0060920376E-30  -3.9440301206E-01  -1.5090996721E+00   1.9720150603E-01   1.5090996721E+00   1.9720150603E-01 ];
alpha=1.0215325651;
orbita;
