global alpha;
x0=[1.0599535889E+00   0.0000000000E+00  -5.2997679446E-01   1.5045493018E-01  -5.2997679446E-01  -1.5045493018E-01   2.9631168789E-32  -3.4548181460E-01  -1.8254371368E+00   1.7274090730E-01   1.8254371368E+00   1.7274090730E-01];
alpha=1.0265396023;
orbita;
