global alpha;
x0=[  1.0438172542E+00   0.0000000000E+00  -5.2190862710E-01   9.5803127047E-02  -5.2190862710E-01  -9.5803127047E-02 -4.9961863572E-29  -2.8454689135E-01  -2.3251977569E+00   1.4227344567E-01   2.3251977569E+00   1.4227344567E-01 ];
alpha=1.0265820623;
orbita;
