global alpha;
x0=[  1.0332677132E+00   0.0000000000E+00  -5.1663385658E-01   6.8731715523E-02  -5.1663385658E-01  -6.8731715523E-02   1.1378821492E-28  -2.4477345578E-01  -2.7598231796E+00   1.2238672789E-01   2.7598231796E+00   1.2238672789E-01];
alpha=1.0244124526;
orbita;
