global alpha;
x0=[  1.0082932863E+00   0.0000000000E+00  -5.0414664314E-01   1.8867434240E-02  -5.0414664314E-01  -1.8867434240E-02   2.1764997830E-27  -1.3144472559E-01  -5.2683965654E+00   6.5722362794E-02   5.2683965654E+00   6.5722362794E-02 ];
alpha= 1.0137412091;
orbita;
