global alpha;
x0=[ 9.9562251298E-01   0.0000000000E+00  -4.9781125649E-01   4.3392638019E-05  -4.9781125649E-01  -4.3392638019E-05    2.1281385454E-23  -6.2549736257E-03  -1.0763802175E+02   3.1274868129E-03   1.0763802175E+02   3.1274868129E-03  ];
alpha=1.0005848879;
orbita;
