global alpha;
x0=[  1.0734128315E+00   0.0000000000E+00  -5.3670641576E-01   3.6957873905E-01  -5.3670641576E-01  -3.6957873905E-01   -4.8305621770E-26  -4.7774628965E-01  -1.0406828302E+00   2.3887314482E-01   1.0406828302E+00   2.3887314482E-01];
alpha=9.8974558119E-01;
orbita;
