global alpha;
x0=[1.0680572133E+00   0.0000000000E+00  -5.3402860666E-01   4.1584212003E-01  -5.3402860666E-01  -4.1584212003E-01 -1.1884779725E-31  -4.9310378065E-01  -9.4987320513E-01   2.4655189033E-01   9.4987320513E-01   2.4655189033E-01 ];
alpha=9.7657871845E-01;
orbita;
