global alpha;
x0=[  1.0345919635E+00   0.0000000000E+00  -5.1729598175E-01   5.6639564821E-01  -5.1729598175E-01  -5.6639564821E-01 -3.7171821271E-31  -5.2293978595E-01  -7.1641082736E-01   2.6146989297E-01   7.1641082736E-01   2.6146989297E-01];
alpha=9.2520305647E-01;
orbita;
