global alpha;
x0=[ 9.7025594432E-01   0.0000000000E+00  -4.8512797216E-01   7.3578976310E-01  -4.8512797216E-01  -7.3578976310E-01   1.1374466698E-29  -5.2808726617E-01  -5.2227535108E-01   2.6404363309E-01   5.2227535108E-01   2.6404363309E-01 ];
alpha=8.6299535233E-01;
orbita;
