global alpha;
x0=[  8.2751937989E-01   0.0000000000E+00  -4.1375968994E-01   9.8334087833E-01  -4.1375968994E-01  -9.8334087833E-01  -8.2444990231E-26  -5.2477527854E-01  -3.3121401944E-01   2.6238763927E-01   3.3121401944E-01   2.6238763927E-01];
alpha=8.1555487427E-01;
orbita;
