global alpha;
x0=[  6.5655885336E-01   0.0000000000E+00  -3.2827942668E-01   1.1810620375E+00  -3.2827942668E-01  -1.1810620375E+00    5.0757477423E-29  -5.6027178055E-01  -2.3359361219E-01   2.8013589027E-01   2.3359361219E-01   2.8013589027E-01];
alpha=8.4462774170E-01;
orbita;
