global alpha;
x0=[ 5.1805747556E-01  -3.3124962667E-28  -2.5902873778E-01   1.2906112062E+00  -2.5902873778E-01  -1.2906112062E+00  -8.1178395687E-28  -6.0082808634E-01  -1.8088143319E-01   3.0041404317E-01   1.8088143319E-01   3.0041404317E-01 ];
alpha=8.8342919391E-01;
orbita;
