global alpha;
x0=[ 4.2182935987E-01   1.3176586790E-26  -2.1091467993E-01   1.3471700180E+00  -2.1091467993E-01  -1.3471700180E+00   0.0000000000E+00  -6.2751635486E-01  -1.4736715034E-01   3.1375817743E-01   1.4736715034E-01   3.1375817743E-01 ];
alpha=9.0984042548E-01;
orbita;
