global alpha;
x0=[  1.1154398795E+00   0.0000000000E+00  -5.5771993973E-01   3.8390157495E-01  -5.5771993973E-01  -3.8390157495E-01 0.0000000000E+00  -5.4749389715E-01  -1.1930727283E+00   2.7374694857E-01   1.1930727283E+00   2.7374694857E-01 ];
alpha=1.3424242750;
orbita;