global alpha;
x0=[  1.0727874225E+00   0.0000000000E+00  -5.3639371124E-01   3.6211638282E-01  -5.3639371124E-01  -3.6211638282E-01  0.0000000000E+00  -5.6538744595E-01  -1.2562504808E+00   2.8269372297E-01   1.2562504808E+00   2.8269372297E-01];
alpha=1.3424432064;
orbita;