global alpha;
x0=[  1.0082916675E+00   0.0000000000E+00  -5.0414583377E-01   3.3133283854E-01  -5.0414583377E-01  -3.3133283854E-01  0.0000000000E+00  -5.9415087576E-01  -1.3561491103E+00   2.9707543788E-01   1.3561491103E+00   2.9707543788E-01 ];
alpha=1.3425063709;
orbita;