global alpha;
x0=[  9.2215431147E-01   0.0000000000E+00  -4.6107715574E-01   2.9366943942E-01  -4.6107715574E-01  -2.9366943942E-01   0.0000000000E+00  -6.3668989807E-01  -1.4998983370E+00   3.1834494903E-01   1.4998983370E+00   3.1834494903E-01 ];
alpha= 1.3426429099;
orbita;