global alpha;
x0=[ 5.0945110870E-01   0.0000000000E+00  -2.5472555435E-01   1.4817276026E-01  -2.5472555435E-01  -1.4817276026E-01   0.0000000000E+00  -9.8017602411E-01  -2.5423663284E+00   4.9008801206E-01   2.5423663284E+00   4.9008801206E-01];
alpha= 1.3439693118;
orbita;