global alpha;
x0=[3.3314493105E-01   0.0000000000E+00  -1.6657246553E-01   9.6026347914E-02  -1.6657246553E-01  -9.6026347914E-02    0.0000000000E+00  -1.3260073480E+00  -3.4846078509E+00   6.6300367402E-01   3.4846078509E+00   6.6300367402E-01];
alpha= 1.3470762333;
orbita;