global alpha;
x0=[ 2.6462969981E-01   6.7509007322E-31  -1.3231484990E-01   7.6613314170E-02  -1.3231484990E-01  -7.6613314170E-02   0.0000000000E+00  -1.5657243829E+00  -4.1006894544E+00   7.8286219144E-01   4.1006894544E+00   7.8286219144E-01];
alpha= 1.3504602980;
orbita;