global alpha;
x0=[ 7.7436459119E-01   0.0000000000E+00  -3.8718229560E-01   2.3621061856E-01  -3.8718229560E-01  -2.3621061856E-01  0.0000000000E+00  -7.2540442500E-01  -1.7859487007E+00   3.6270221250E-01   1.7859487007E+00   3.6270221250E-01];
alpha= 1.3429612329;
orbita;